11.703377 8.544781 7.608882 8.555023 11.713644 
11.703668 8.553783 7.619107 8.557500 11.721691 
11.659969 8.519561 7.601576 8.543058 11.691349 
11.703550 8.596751 7.642194 8.551730 11.689639 
11.713437 8.518540 7.616696 8.548079 11.684954 
11.665430 8.512092 7.622928 8.534406 11.667028 
11.700711 8.566375 7.612621 8.520867 11.711325 
11.678132 8.559743 7.604708 8.560341 11.729106 
11.688991 8.561063 7.608533 8.526088 11.701782 
11.688316 8.517215 7.590873 8.533528 11.670279 
11.674891 8.550633 7.599854 8.528282 11.710486 
11.695710 8.521003 7.600222 8.542844 11.673103 
11.716103 8.529814 7.616996 8.531547 11.709822 
11.736338 8.532425 7.603171 8.540710 11.717011 
11.677251 8.544991 7.627316 8.552280 11.703094 
11.715761 8.520218 7.592875 8.555448 11.663612 
11.752302 8.553511 7.582514 8.564950 11.715272 
11.667197 8.578336 7.611697 8.569681 11.737780 
11.693131 8.516532 7.616979 8.549729 11.731957 
11.718845 8.544780 7.614610 8.554766 11.727525 
11.693213 8.567547 7.610938 8.543064 11.759625 
11.700267 8.575437 7.637314 8.535779 11.676225 
11.661982 8.521447 7.622805 8.539285 11.691147 
11.686543 8.529437 7.613068 8.546216 11.701317 
11.700787 8.533684 7.615546 8.554643 11.707482 
11.662151 8.522619 7.608981 8.519939 11.674871 
11.690040 8.544492 7.598593 8.523221 11.710589 
11.723040 8.538456 7.622742 8.559113 11.736733 
11.693977 8.540324 7.598021 8.533238 11.695090 
11.690100 8.575252 7.609884 8.523504 11.655899 
11.705591 8.573727 7.601208 8.536563 11.696635 
11.685135 8.532818 7.600490 8.539001 11.664322 
11.686175 8.524613 7.632973 8.569575 11.680666 
11.689851 8.527749 7.620617 8.562752 11.729896 
11.693025 8.563666 7.622626 8.520947 11.698343 
11.710065 8.530324 7.598168 8.557938 11.669605 
11.720080 8.546786 7.596010 8.533325 11.679769 
11.751713 8.542874 7.612417 8.546888 11.695240 
11.664198 8.539328 7.586970 8.553764 11.695799 
11.680878 8.547389 7.612823 8.568313 11.668007 
11.674129 8.528240 7.603902 8.565756 11.726279 
11.748756 8.541029 7.623841 8.535243 11.703905 
11.722244 8.541802 7.586942 8.551961 11.704562 
11.718977 8.532042 7.598286 8.555499 11.695612 
11.714181 8.547006 7.629092 8.549331 11.720632 
11.706843 8.559518 7.600020 8.546106 11.696503 
11.696706 8.528089 7.619504 8.565190 11.703495 
11.670589 8.569169 7.600093 8.537839 11.702520 
11.714908 8.564163 7.600888 8.549714 11.724606 
11.734566 8.539214 7.618610 8.531802 11.710833 
11.707116 8.527466 7.586308 8.534985 11.681159 
11.726338 8.545091 7.615145 8.585021 11.682234 
11.703834 8.555370 7.626907 8.541688 11.719449 
11.679534 8.557006 7.616546 8.532140 11.713961 
11.688343 8.542639 7.638939 8.536836 11.716798 
11.692591 8.567146 7.612216 8.556539 11.748706 
11.719257 8.517985 7.605377 8.542566 11.734939 
11.692306 8.543689 7.612235 8.539647 11.703532 
11.680292 8.563945 7.606066 8.554353 11.684282 
11.684606 8.521301 7.599534 8.533790 11.639003 
11.714081 8.554083 7.641118 8.536802 11.689939 
11.694632 8.548023 7.612507 8.541678 11.684762 
11.723342 8.517764 7.636745 8.527232 11.722825 
11.758340 8.551784 7.623637 8.547291 11.701777 
11.672510 8.542759 7.587999 8.541672 11.713575 
11.726811 8.562892 7.607298 8.571048 11.675887 
11.685887 8.534495 7.613671 8.527744 11.704142 
11.682524 8.546494 7.591337 8.534841 11.650214 
11.702032 8.556622 7.601388 8.600621 11.712370 
11.717904 8.549482 7.611130 8.562949 11.705402 
11.699390 8.557404 7.598685 8.536047 11.692843 
11.689563 8.552055 7.603570 8.539129 11.720358 
11.726061 8.567549 7.624102 8.545223 11.693774 
11.658200 8.545474 7.619419 8.545530 11.694708 
11.704253 8.545647 7.614041 8.521322 11.667639 
11.697102 8.556571 7.607835 8.553408 11.693800 
11.683857 8.532694 7.618615 8.529975 11.654034 
11.726689 8.556190 7.616246 8.557015 11.694494 
11.735287 8.559142 7.615170 8.567043 11.696946 
11.720085 8.570805 7.624711 8.586493 11.703074 
11.680597 8.569622 7.600096 8.559891 11.714761 
11.727776 8.553625 7.618072 8.536369 11.689048 
11.694936 8.531783 7.615801 8.524536 11.692656 
11.711471 8.538349 7.602605 8.550491 11.689001 
11.687079 8.532008 7.609279 8.546117 11.693935 
11.732447 8.552153 7.621600 8.579282 11.703802 
11.716955 8.562643 7.621968 8.560629 11.725926 
11.713951 8.572660 7.626016 8.542637 11.731290 
11.727044 8.536592 7.618412 8.528964 11.666718 
11.705588 8.534833 7.592537 8.535927 11.711524 
11.729920 8.544232 7.603819 8.571239 11.730077 
11.657322 8.540053 7.626055 8.549251 11.678382 
11.686492 8.533381 7.601231 8.561828 11.689193 
11.704259 8.555307 7.604579 8.525953 11.682255 
11.690006 8.557566 7.620355 8.529824 11.679927 
11.693363 8.539022 7.615596 8.554057 11.714212 
11.691260 8.551567 7.641178 8.544038 11.725126 
11.685011 8.561178 7.608911 8.573265 11.710808 
11.703577 8.553490 7.607099 8.550445 11.673605 
11.689824 8.560385 7.613034 8.560320 11.683710 
11.679339 8.532897 7.621275 8.579987 11.660984 
11.711337 8.549202 7.635226 8.554443 11.681012 
11.679727 8.541571 7.609799 8.538275 11.682691 
11.712581 8.556537 7.621277 8.557177 11.709573 
11.696901 8.594227 7.623985 8.536387 11.716707 
11.705284 8.551580 7.611099 8.544309 11.697981 
11.722691 8.558911 7.614867 8.532202 11.681808 
11.696109 8.571465 7.595672 8.540079 11.737803 
11.697989 8.554863 7.595269 8.566850 11.692303 
11.753736 8.587091 7.622696 8.540956 11.715872 
11.702556 8.541361 7.617880 8.541038 11.716244 
11.720534 8.545001 7.629312 8.548179 11.732653 
11.697285 8.538662 7.626149 8.561307 11.688072 
11.715377 8.544421 7.612521 8.515779 11.684714 
11.701073 8.553390 7.594792 8.531571 11.694990 
11.704810 8.569645 7.603992 8.526423 11.691604 
11.703160 8.542936 7.646369 8.560932 11.696436 
11.680476 8.518328 7.628646 8.549795 11.697174 
11.705314 8.534937 7.617476 8.557773 11.689591 
11.707819 8.561871 7.627235 8.559024 11.716033 
11.665547 8.568298 7.644168 8.582719 11.716051 
11.686623 8.529161 7.609005 8.582505 11.720185 
11.730181 8.516202 7.634964 8.564430 11.703571 
11.702477 8.563262 7.628891 8.547863 11.746055 
11.665671 8.529670 7.625117 8.553133 11.683412 
11.694161 8.553845 7.612318 8.550310 11.709467 
11.695166 8.528330 7.611106 8.550183 11.662077 
11.667543 8.537816 7.622814 8.568078 11.677969 
11.689955 8.516868 7.600169 8.547397 11.697053 
11.706658 8.544108 7.620404 8.556533 11.718516 
11.687585 8.574095 7.627270 8.521051 11.716268 
11.698750 8.536030 7.637247 8.520769 11.732660 
11.703855 8.532886 7.605500 8.541467 11.714041 
11.684523 8.529847 7.608532 8.549326 11.719501 
11.688460 8.541843 7.620852 8.573854 11.679555 
11.671871 8.538232 7.602332 8.534935 11.686582 
11.646459 8.563790 7.600545 8.550208 11.673264 
11.681529 8.551249 7.620540 8.531605 11.714259 
11.676852 8.551668 7.614423 8.554149 11.715361 
11.674188 8.555490 7.639700 8.565522 11.671081 
11.729043 8.567532 7.616471 8.545613 11.702993 
11.707829 8.526887 7.589179 8.547346 11.674890 
11.693162 8.535253 7.621508 8.542766 11.715097 
11.699752 8.543051 7.599050 8.514802 11.698491 
11.681075 8.558262 7.606387 8.536378 11.753332 
11.690150 8.562251 7.606180 8.560716 11.726590 
11.697063 8.538814 7.609720 8.545816 11.679166 
11.669129 8.542959 7.607276 8.559286 11.647683 
11.740133 8.535985 7.633530 8.563907 11.702792 
11.709222 8.547108 7.631273 8.542863 11.686909 
11.734892 8.549816 7.624039 8.539635 11.716719 
11.700402 8.542470 7.630566 8.557392 11.722311 
11.745403 8.520396 7.601298 8.541988 11.721676 
11.712968 8.555496 7.604107 8.563595 11.673165 
11.745726 8.552965 7.609480 8.579660 11.720878 
11.697273 8.566267 7.612621 8.532065 11.665466 
11.698351 8.516266 7.592703 8.552177 11.703484 
11.680512 8.536524 7.617645 8.547918 11.676108 
11.664301 8.544454 7.626959 8.558187 11.712565 
11.719651 8.531252 7.610691 8.549371 11.685118 
11.697022 8.558496 7.593747 8.551404 11.714689 
11.673260 8.557592 7.604363 8.549189 11.684195 
11.723844 8.581321 7.640438 8.517544 11.670402 
11.689996 8.581717 7.626130 8.553916 11.718545 
11.702442 8.534436 7.605852 8.557056 11.660952 
11.685905 8.524743 7.588352 8.539298 11.667966 
11.706099 8.529684 7.630453 8.545200 11.698258 
11.695345 8.551110 7.602602 8.541106 11.652000 
11.718130 8.508629 7.635803 8.554592 11.720130 
11.673711 8.544762 7.635148 8.532161 11.741675 
11.717103 8.558267 7.641770 8.562442 11.687165 
11.706739 8.529231 7.638279 8.540881 11.691697 
11.709705 8.539179 7.635535 8.560816 11.743980 
11.750449 8.542740 7.605112 8.544379 11.710664 
11.696387 8.538831 7.598657 8.530813 11.670510 
11.692805 8.553093 7.620617 8.522104 11.710274 
11.702057 8.540234 7.624090 8.526405 11.705835 
11.692904 8.521473 7.589830 8.554787 11.648069 
11.665189 8.540515 7.604058 8.540233 11.744167 
11.704675 8.546034 7.619922 8.556726 11.676854 
11.705187 8.533825 7.620796 8.557337 11.703850 
11.692110 8.548040 7.598504 8.552624 11.710428 
11.681971 8.501633 7.588298 8.525471 11.675287 
11.697420 8.559498 7.589698 8.537006 11.721447 
11.690184 8.572728 7.621691 8.582665 11.703867 
11.709891 8.576533 7.619620 8.547856 11.732349 
11.706643 8.533817 7.594659 8.564203 11.713107 
11.700432 8.535262 7.616824 8.553141 11.677169 
11.704489 8.572131 7.620185 8.565714 11.712017 
11.712871 8.560684 7.614623 8.514928 11.705190 
11.694840 8.558987 7.601118 8.540916 11.711954 
11.703757 8.524410 7.631484 8.549210 11.725554 
11.694553 8.511716 7.617402 8.519460 11.711936 
11.700637 8.540002 7.619423 8.556538 11.702281 
11.713033 8.590100 7.619802 8.550132 11.679287 
11.688331 8.522672 7.595130 8.562927 11.670137 
11.730686 8.528414 7.603593 8.550580 11.712735 
11.717233 8.558640 7.600539 8.575461 11.671520 
11.729436 8.541122 7.609712 8.519732 11.711964 
11.681107 8.561657 7.634905 8.532783 11.698896 
11.717037 8.537323 7.634344 8.558823 11.711050 
11.683405 8.531925 7.596795 8.546625 11.673470 
11.659724 8.549680 7.619100 8.558749 11.701344 
11.664779 8.561972 7.634896 8.536820 11.679478 
11.667244 8.512501 7.617491 8.508657 11.696594 
11.699497 8.573190 7.610521 8.537175 11.707413 
11.712456 8.550160 7.629510 8.562018 11.666976 
11.675574 8.578645 7.596648 8.500721 11.723987 
11.711716 8.539329 7.607019 8.536605 11.713687 
11.696824 8.542351 7.613019 8.549725 11.705822 
11.711179 8.553823 7.599392 8.526686 11.705795 
11.718828 8.537576 7.613526 8.539314 11.701601 
11.727502 8.572277 7.603498 8.564231 11.716469 
11.692021 8.575540 7.638131 8.563638 11.703357 
11.698123 8.557840 7.611191 8.554783 11.742945 
11.673919 8.526839 7.644181 8.553916 11.714894 
11.709557 8.548872 7.599393 8.548074 11.709469 
11.696222 8.530682 7.606588 8.537711 11.684153 
11.655309 8.539457 7.624291 8.545266 11.672493 
11.679803 8.553104 7.628677 8.558633 11.685231 
11.677415 8.550785 7.617921 8.539716 11.708709 
11.687548 8.533073 7.622930 8.536420 11.702379 
11.697912 8.543200 7.632894 8.553651 11.683230 
11.702727 8.531621 7.628454 8.554235 11.724465 
11.698200 8.568625 7.625096 8.551674 11.699063 
11.686064 8.541941 7.596389 8.539455 11.673864 
11.706384 8.588327 7.608791 8.552488 11.711511 
11.713666 8.551892 7.597958 8.556557 11.699726 
11.693450 8.550610 7.627132 8.542696 11.702121 
11.678521 8.548419 7.614727 8.548150 11.708660 
11.686475 8.540805 7.609858 8.577008 11.683538 
11.729238 8.535072 7.624652 8.524904 11.670641 
11.680913 8.538423 7.636947 8.551970 11.691838 
11.676431 8.545346 7.623898 8.575334 11.694561 
11.732847 8.530445 7.622579 8.533147 11.704886 
11.688459 8.535481 7.606589 8.537799 11.738027 
11.680756 8.545730 7.615745 8.539905 11.743656 
11.700426 8.556980 7.595152 8.528915 11.668479 
11.680616 8.545023 7.609826 8.538919 11.717121 
11.699104 8.553486 7.611121 8.553634 11.704942 
11.701321 8.564918 7.604123 8.528973 11.741950 
11.692534 8.554013 7.626140 8.540056 11.706396 
11.688391 8.543200 7.600602 8.536742 11.711725 
11.668894 8.526569 7.599798 8.550047 11.705853 
11.679735 8.560690 7.607073 8.552869 11.723122 
11.668877 8.532794 7.635227 8.544586 11.688698 
11.637709 8.559767 7.635232 8.547642 11.712330 
11.696534 8.580671 7.610575 8.560128 11.698312 
11.676529 8.545956 7.621849 8.562657 11.698621 
11.688760 8.543553 7.606123 8.513137 11.682249 
11.702541 8.518878 7.619520 8.567695 11.693182 
11.715145 8.554672 7.608409 8.566965 11.699862 
11.693881 8.522497 7.625350 8.504602 11.707521 
11.705883 8.541340 7.625982 8.523860 11.714863 
11.710924 8.554790 7.604456 8.581913 11.722661 
11.700660 8.546613 7.601579 8.525707 11.677432 
11.708120 8.550107 7.622202 8.549155 11.703595 
11.709733 8.557716 7.603526 8.550329 11.646563 
11.699794 8.535793 7.597050 8.577855 11.707656 
11.698179 8.544233 7.592182 8.580237 11.725757 
11.712809 8.568683 7.607815 8.556299 11.701522 
11.721628 8.549419 7.650347 8.529141 11.678307 
11.693955 8.539215 7.613442 8.534973 11.683383 
11.706561 8.533062 7.617190 8.547713 11.695455 
11.680240 8.533003 7.630597 8.526975 11.717572 
11.696164 8.561157 7.620517 8.533557 11.704687 
11.722668 8.563850 7.592939 8.568245 11.686782 
11.703553 8.557404 7.634707 8.552827 11.718500 
11.711518 8.559510 7.612215 8.545175 11.680255 
11.696616 8.522989 7.626601 8.552705 11.697907 
11.699474 8.540808 7.595460 8.534595 11.711305 
11.662742 8.511402 7.617308 8.535174 11.644627 
11.690955 8.530997 7.598268 8.518567 11.709040 
11.730984 8.558008 7.610421 8.564554 11.730770 
11.718141 8.556393 7.622907 8.571575 11.661361 
11.710048 8.543835 7.623702 8.526814 11.722287 
11.748714 8.561324 7.610080 8.574174 11.693440 
11.704782 8.558065 7.619859 8.535468 11.717821 
11.729304 8.531498 7.626780 8.526709 11.668932 
11.674790 8.539443 7.623728 8.550590 11.701937 
11.689744 8.553669 7.625255 8.564154 11.711636 
11.737359 8.521540 7.650599 8.546671 11.718915 
11.700846 8.549756 7.616011 8.541652 11.663157 
11.716749 8.533680 7.636780 8.551834 11.703409 
11.681965 8.536757 7.599015 8.538832 11.654816 
11.705518 8.549722 7.607240 8.539681 11.694277 
11.686800 8.538117 7.627241 8.548659 11.712642 
11.721084 8.554027 7.597637 8.552968 11.699418 
11.693278 8.553823 7.632018 8.538556 11.670985 
11.657736 8.563473 7.600490 8.532157 11.680972 
11.653594 8.533279 7.606431 8.555960 11.679433 
11.675779 8.566220 7.629784 8.555788 11.677724 
11.743293 8.550209 7.610827 8.527106 11.720047 
11.699302 8.533084 7.613664 8.536881 11.687299 
11.704352 8.547954 7.594804 8.569766 11.704692 
11.662198 8.554302 7.644878 8.536759 11.688972 
11.700487 8.543849 7.625242 8.563860 11.700132 
11.642867 8.528720 7.621440 8.528536 11.701568 
11.696121 8.572557 7.594053 8.538383 11.716185 
11.704452 8.545318 7.606048 8.538088 11.694802 
11.700204 8.536372 7.613568 8.557370 11.730514 
11.723531 8.530883 7.606153 8.562661 11.689861 
11.672671 8.551737 7.590012 8.544531 11.708747 
11.708754 8.557876 7.577936 8.535417 11.697414 
11.673437 8.548191 7.631619 8.528412 11.717181 
11.694235 8.546746 7.609929 8.563853 11.695847 
11.653594 8.553024 7.629188 8.540117 11.698028 
11.718307 8.570769 7.603062 8.576410 11.724433 
11.696988 8.558428 7.624961 8.570439 11.689908 
11.713281 8.530725 7.609818 8.554353 11.722830 
11.708670 8.559847 7.605743 8.565252 11.682681 
11.695698 8.550983 7.622065 8.555979 11.671644 
11.704637 8.523538 7.612018 8.533333 11.721558 
11.717423 8.537517 7.619280 8.548549 11.719802 
11.703712 8.561585 7.625277 8.554014 11.715104 
11.684051 8.591022 7.624309 8.579017 11.686096 
11.654947 8.533879 7.622431 8.527939 11.697560 
11.728324 8.531851 7.610373 8.537242 11.659007 
11.690944 8.551557 7.620169 8.587227 11.694345 
11.717186 8.546553 7.621977 8.536778 11.690408 
11.677934 8.552507 7.608742 8.536758 11.713116 
11.728690 8.549223 7.617058 8.533921 11.730618 
11.702309 8.527454 7.584119 8.548094 11.704215 
11.709112 8.571772 7.628992 8.575662 11.708243 
11.705199 8.563412 7.589478 8.525464 11.741565 
11.686425 8.575654 7.618404 8.513199 11.718320 
11.694883 8.546809 7.634122 8.539531 11.709430 
11.672791 8.537437 7.609531 8.552331 11.695760 
11.726178 8.537891 7.597236 8.577819 11.672447 
11.689081 8.525055 7.621106 8.556571 11.738174 
11.732994 8.556069 7.608656 8.533977 11.729208 
11.712910 8.554092 7.628119 8.554777 11.669839 
11.720303 8.571176 7.625520 8.573325 11.714278 
11.692357 8.537958 7.599504 8.564747 11.696335 
11.720882 8.537213 7.627279 8.551924 11.683025 
11.666503 8.499817 7.592381 8.540951 11.685917 
11.705963 8.526941 7.621011 8.524602 11.646090 
11.679582 8.551627 7.617593 8.569519 11.731916 
11.737125 8.563409 7.614203 8.538460 11.680882 
11.730773 8.548365 7.609107 8.560387 11.720931 
11.685725 8.544032 7.630882 8.536269 11.718638 
11.676722 8.540691 7.600648 8.560091 11.670870 
11.721017 8.527332 7.618414 8.550645 11.719869 
11.671387 8.554396 7.626135 8.578078 11.723004 
11.675896 8.534495 7.620827 8.570091 11.722900 
11.673027 8.542701 7.613960 8.558197 11.688224 
11.689417 8.547929 7.609565 8.559028 11.746586 
11.697799 8.527312 7.599815 8.535167 11.722110 
11.684792 8.515864 7.601225 8.547409 11.697756 
11.703974 8.543498 7.606936 8.542777 11.701312 
11.737971 8.529039 7.603527 8.547216 11.710477 
11.703114 8.525297 7.626859 8.554105 11.733368 
11.725135 8.539976 7.637646 8.542465 11.672077 
11.721317 8.548089 7.616572 8.558128 11.692299 
11.727867 8.541353 7.636858 8.559552 11.730034 
11.689470 8.531269 7.628653 8.502726 11.676690 
11.680549 8.545188 7.625064 8.554313 11.698673 
11.715723 8.567392 7.607686 8.556205 11.735218 
11.692411 8.548880 7.613044 8.548534 11.705112 
11.684416 8.564503 7.626127 8.568952 11.694271 
11.688610 8.564378 7.593484 8.544388 11.695765 
11.689119 8.556273 7.607544 8.527045 11.710579 
11.689576 8.515879 7.611130 8.556787 11.690610 
11.724165 8.554987 7.607610 8.541064 11.733833 
11.685054 8.524612 7.602738 8.531519 11.699595 
11.707804 8.540003 7.622638 8.532640 11.710704 
11.692344 8.543216 7.629057 8.554659 11.732381 
11.714623 8.572282 7.643762 8.547976 11.718319 
11.688591 8.551366 7.621921 8.589155 11.728527 
11.653642 8.548008 7.615002 8.541267 11.732207 
11.700745 8.518924 7.597363 8.537920 11.680175 
11.647816 8.591270 7.590559 8.505494 11.699605 
11.677139 8.524879 7.616366 8.548299 11.715286 
11.686258 8.543513 7.617687 8.568714 11.698623 
11.672613 8.553275 7.613962 8.530422 11.741149 
11.681568 8.549138 7.630410 8.553622 11.728147 
11.727330 8.562460 7.586394 8.551305 11.684963 
11.693374 8.552982 7.632052 8.546072 11.716260 
11.682797 8.554274 7.611164 8.558480 11.716554 
11.706047 8.517419 7.614013 8.545347 11.680321 
11.681269 8.532875 7.607647 8.569289 11.684826 
11.690108 8.548281 7.615950 8.507565 11.674891 
11.711906 8.552214 7.595841 8.548615 11.704607 
11.686245 8.544956 7.624554 8.555590 11.723115 
11.713492 8.555768 7.602451 8.554210 11.711039 
11.713793 8.557233 7.588895 8.563556 11.706574 
11.707470 8.526505 7.572803 8.542155 11.695798 
11.704206 8.574661 7.607355 8.538793 11.712435 
11.696068 8.545784 7.601419 8.534714 11.671610 
11.676458 8.568889 7.619536 8.564093 11.676837 
11.722503 8.561365 7.604816 8.560736 11.698227 
11.685113 8.567676 7.630607 8.560640 11.661584 
11.688542 8.537562 7.606343 8.559927 11.679769 
11.725094 8.550823 7.614062 8.506335 11.701910 
11.685771 8.532740 7.608983 8.534595 11.676804 
11.709879 8.569514 7.623136 8.555744 11.697344 
11.644173 8.545960 7.623193 8.562677 11.697505 
11.698393 8.547080 7.600087 8.545633 11.661922 
11.679250 8.553874 7.630351 8.560705 11.663648 
11.737664 8.534141 7.620233 8.560814 11.732061 
11.701138 8.538045 7.625240 8.579920 11.708032 
11.711499 8.547717 7.619429 8.566412 11.694083 
11.731573 8.530723 7.608008 8.541186 11.704068 
11.684090 8.569832 7.614018 8.568464 11.709907 
11.701286 8.564279 7.636164 8.545607 11.655626 
11.707346 8.569374 7.596698 8.566968 11.672264 
11.727291 8.547812 7.630050 8.555419 11.741740 
11.688021 8.569387 7.616700 8.567321 11.701005 
11.706247 8.558053 7.631201 8.555934 11.701331 
11.683202 8.548112 7.618090 8.534575 11.661077 
11.686924 8.531609 7.628335 8.562237 11.665790 
11.696080 8.527409 7.609438 8.534752 11.726358 
11.709684 8.532007 7.630589 8.561401 11.706208 
11.713013 8.521355 7.628902 8.577671 11.672194 
11.736297 8.513739 7.620856 8.537380 11.697009 
11.726752 8.546624 7.649941 8.551282 11.723387 
11.676057 8.538642 7.595753 8.570402 11.670889 
11.704231 8.539808 7.576241 8.563028 11.706960 
11.683150 8.571939 7.621885 8.537368 11.674183 
11.699302 8.538678 7.611563 8.565878 11.728991 
11.715052 8.541888 7.583401 8.549017 11.689987 
11.707220 8.557521 7.612251 8.535634 11.716324 
11.663369 8.535507 7.586510 8.557872 11.717545 
11.713740 8.541241 7.639263 8.570329 11.705333 
11.727667 8.539538 7.618573 8.537011 11.684759 
11.713679 8.548251 7.591988 8.543073 11.679783 
11.702278 8.540743 7.612346 8.542506 11.683216 
11.684940 8.525407 7.633732 8.517275 11.690257 
11.678296 8.554583 7.594821 8.523498 11.710301 
11.694361 8.534980 7.625871 8.549210 11.712688 
11.662263 8.558342 7.585962 8.538557 11.723377 
11.687072 8.552958 7.600287 8.540247 11.695767 
11.678949 8.565869 7.607248 8.567273 11.748706 
11.683609 8.532520 7.590795 8.536659 11.693811 
11.701959 8.517535 7.615110 8.551984 11.714009 
11.704300 8.553502 7.607985 8.549154 11.710413 
11.677789 8.543399 7.619404 8.545337 11.709614 
11.676887 8.539904 7.615225 8.533166 11.742434 
11.715899 8.565892 7.635434 8.562345 11.694500 
11.680628 8.550994 7.634964 8.539651 11.721342 
11.696119 8.541958 7.622156 8.574101 11.695414 
11.712616 8.564145 7.611166 8.547840 11.681428 
11.704059 8.533741 7.626847 8.518564 11.733231 
11.684903 8.550109 7.603876 8.558475 11.697279 
11.735318 8.550564 7.623692 8.559954 11.711060 
11.677936 8.564590 7.593208 8.554032 11.660156 
11.708371 8.558163 7.624287 8.539817 11.718598 
11.671711 8.549854 7.615990 8.567948 11.713728 
11.680179 8.547128 7.624115 8.540998 11.672180 
11.695761 8.518878 7.600637 8.532876 11.699234 
11.703726 8.577920 7.625637 8.554801 11.700576 
11.685717 8.546020 7.619479 8.523815 11.704578 
11.728904 8.532712 7.603657 8.546933 11.740592 
11.734994 8.536318 7.623514 8.514098 11.696015 
11.686183 8.555177 7.593862 8.584435 11.689761 
11.673235 8.546653 7.603255 8.565267 11.685644 
11.674709 8.565345 7.608685 8.560209 11.729119 
11.698577 8.540225 7.604344 8.542867 11.674991 
11.708953 8.555370 7.608227 8.545417 11.709026 
11.757398 8.540323 7.624601 8.534416 11.700581 
11.677432 8.522536 7.617344 8.550526 11.694896 
11.663667 8.532608 7.596723 8.538199 11.694534 
11.713712 8.561932 7.597797 8.542122 11.680981 
11.686617 8.555225 7.609471 8.547601 11.669505 
11.710020 8.552323 7.621639 8.592476 11.700191 
11.772284 8.539985 7.623121 8.551407 11.671593 
11.687032 8.562592 7.610098 8.533033 11.746854 
11.693818 8.539689 7.580828 8.536913 11.679230 
11.700192 8.512800 7.611805 8.556606 11.684999 
11.697097 8.574000 7.607785 8.554623 11.644242 
11.732781 8.561137 7.610591 8.580086 11.715779 
11.717336 8.575437 7.590444 8.544916 11.709095 
11.688521 8.540480 7.628334 8.540264 11.687719 
11.704944 8.560279 7.658667 8.548796 11.708968 
11.713702 8.565591 7.617797 8.575520 11.693567 
11.680193 8.538742 7.607871 8.572456 11.704813 
11.688209 8.558496 7.641739 8.544017 11.669129 
11.728578 8.526700 7.635047 8.542874 11.693921 
11.701337 8.509559 7.618770 8.519678 11.727012 
11.690454 8.550991 7.623654 8.544453 11.716444 
11.710608 8.551547 7.616114 8.548641 11.723864 
11.741520 8.575526 7.606856 8.545939 11.701395 
11.686283 8.562641 7.611880 8.576085 11.732668 
11.680837 8.510143 7.619950 8.561182 11.687986 
11.720765 8.569073 7.611978 8.554536 11.699255 
11.701423 8.544304 7.625193 8.536307 11.697287 
11.728665 8.541145 7.609244 8.545734 11.711489 
11.711206 8.544271 7.605390 8.564767 11.725351 
11.685769 8.501605 7.608148 8.536663 11.698927 
11.717656 8.521314 7.632674 8.532207 11.687461 
11.666453 8.546401 7.598591 8.545598 11.675977 
11.711442 8.541625 7.628325 8.542365 11.728761 
11.692110 8.551014 7.611482 8.560054 11.706295 
11.698939 8.539100 7.595943 8.551357 11.689289 
11.685031 8.550784 7.636490 8.545170 11.723131 
11.671667 8.525305 7.628445 8.557178 11.688008 
11.696613 8.558775 7.636877 8.567023 11.707148 
11.704696 8.568104 7.610846 8.544913 11.722977 
11.693306 8.546750 7.599422 8.570172 11.712316 
11.689571 8.571669 7.611020 8.540170 11.706432 
11.744311 8.560016 7.601168 8.550384 11.723293 
11.707513 8.532592 7.613613 8.555891 11.651529 
11.712069 8.520400 7.637934 8.554031 11.714274 
11.691734 8.559227 7.614774 8.564386 11.712582 
11.683718 8.557502 7.622396 8.530628 11.684983 
11.709239 8.546545 7.631029 8.568495 11.709234 
11.676965 8.553491 7.595917 8.554748 11.737959 
11.731402 8.556679 7.616106 8.505750 11.671519 
11.661134 8.563703 7.639377 8.556969 11.702270 
11.740136 8.547937 7.626938 8.573154 11.702410 
11.702792 8.532219 7.630032 8.530235 11.713844 
11.688422 8.538363 7.619837 8.555077 11.724286 
11.692948 8.544070 7.637061 8.553488 11.716294 
11.679726 8.568977 7.620223 8.561876 11.679987 
11.721889 8.561850 7.598500 8.570571 11.692628 
11.701586 8.543864 7.609288 8.520508 11.678205 
11.691259 8.565320 7.616521 8.555093 11.670304 
11.706548 8.530480 7.588433 8.552327 11.649099 
11.696386 8.527301 7.612201 8.533188 11.688841 
11.712755 8.532153 7.647008 8.551119 11.679673 
11.719433 8.558550 7.617841 8.584892 11.731652 
11.699766 8.538653 7.618208 8.561427 11.713388 
11.666787 8.549318 7.597901 8.519311 11.652759 
11.703174 8.529074 7.608709 8.571421 11.696279 
11.703567 8.546519 7.627327 8.529949 11.689274 
11.687627 8.568287 7.635057 8.530813 11.685603 
11.701149 8.539973 7.603099 8.557415 11.694391 
11.691449 8.561485 7.610580 8.515983 11.686937 
11.706863 8.570349 7.620709 8.558796 11.691637 
11.705130 8.549013 7.636701 8.579128 11.702217 
11.672216 8.553239 7.597449 8.530146 11.691683 
11.723458 8.574607 7.605680 8.583456 11.679318 
11.695569 8.569178 7.607139 8.524196 11.732290 
11.680437 8.541756 7.594615 8.538199 11.698303 
11.681613 8.579329 7.595380 8.539426 11.700274 
11.697502 8.545225 7.600010 8.541277 11.731098 
11.699772 8.540391 7.587746 8.540530 11.693590 
11.699530 8.529112 7.589746 8.539674 11.740699 
11.707096 8.567083 7.605716 8.547572 11.732725 
11.719303 8.579339 7.605670 8.567304 11.708422 
11.681138 8.542512 7.603347 8.537011 11.680402 
11.672210 8.553176 7.593892 8.536075 11.697231 
11.725800 8.539068 7.621519 8.550260 11.680458 
11.665510 8.538136 7.627990 8.564417 11.727519 
11.701674 8.554068 7.615190 8.558380 11.711127 
11.696239 8.538897 7.622421 8.563471 11.704890 
11.710195 8.506203 7.621605 8.571943 11.688940 
11.720427 8.555822 7.625629 8.558007 11.705524 
11.652767 8.535145 7.628434 8.569112 11.709828 
11.687564 8.562044 7.626115 8.548696 11.691239 
11.682814 8.560591 7.640553 8.551697 11.669822 
11.687204 8.532479 7.616452 8.552474 11.655540 
11.685459 8.543137 7.613235 8.554644 11.674308 
11.665615 8.540506 7.600435 8.544355 11.701603 
11.651286 8.547022 7.633980 8.527306 11.687105 
11.680358 8.550208 7.590100 8.553951 11.671978 
11.703344 8.554798 7.641863 8.586716 11.696302 
11.754866 8.519246 7.607944 8.528531 11.673236 
11.708540 8.575038 7.606697 8.541415 11.743383 
11.723679 8.593016 7.612270 8.538663 11.696631 
11.724150 8.534492 7.597295 8.547249 11.676095 
11.733529 8.559396 7.616646 8.547372 11.678754 
11.720379 8.548274 7.609678 8.518833 11.669032 
11.703344 8.529364 7.606750 8.542737 11.702769 
11.689917 8.569038 7.637077 8.547870 11.702709 
11.663741 8.563785 7.583570 8.544037 11.715239 
11.698799 8.574838 7.627216 8.536484 11.727560 
11.708555 8.568095 7.599532 8.502755 11.671882 
11.681015 8.518896 7.640168 8.540942 11.699050 
11.742814 8.524749 7.618427 8.544514 11.688869 
11.701100 8.543281 7.644793 8.552168 11.705546 
11.673628 8.537685 7.620368 8.540225 11.716216 
11.715588 8.560419 7.627588 8.540863 11.709447 
11.692005 8.553253 7.617298 8.544948 11.673517 
11.706734 8.560829 7.609238 8.544358 11.683763 
11.707844 8.586654 7.627398 8.585003 11.687741 
11.709926 8.543249 7.615243 8.562406 11.726439 
11.700644 8.564701 7.609884 8.536686 11.701157 
11.710605 8.523458 7.614154 8.543299 11.697391 
11.718594 8.556771 7.599215 8.546556 11.728082 
11.713640 8.532918 7.611192 8.531639 11.725720 
11.733788 8.523009 7.608702 8.557605 11.691070 
11.682016 8.522261 7.611968 8.577150 11.682880 
11.716025 8.536768 7.596126 8.546195 11.690949 
11.718569 8.524961 7.602662 8.525940 11.669670 
11.701008 8.541649 7.614931 8.552111 11.711707 
11.726722 8.530483 7.622978 8.560600 11.721296 
11.668713 8.551922 7.604441 8.502560 11.681659 
11.695712 8.544459 7.614085 8.532970 11.666340 
11.704122 8.562131 7.628557 8.545559 11.694920 
11.714250 8.552203 7.628349 8.553184 11.674646 
11.692300 8.554036 7.628043 8.536713 11.703230 
11.678914 8.560956 7.597670 8.538906 11.696694 
11.731259 8.561224 7.597934 8.556136 11.725922 
11.702253 8.559920 7.637582 8.555357 11.709251 
11.689474 8.543579 7.630907 8.570637 11.708226 
11.702161 8.529905 7.630422 8.536802 11.705516 
11.693169 8.554205 7.627234 8.516260 11.714029 
11.694664 8.528620 7.614115 8.515607 11.667500 
11.668414 8.529505 7.629188 8.564145 11.694799 
11.712454 8.539965 7.600905 8.524655 11.699463 
11.709171 8.536859 7.638304 8.565931 11.702645 
11.700359 8.584433 7.601799 8.548197 11.722197 
11.731658 8.519073 7.619643 8.529920 11.714230 
11.699048 8.572545 7.615717 8.549757 11.690820 
11.654952 8.538616 7.599910 8.541066 11.716792 
11.679382 8.561084 7.645218 8.578479 11.712974 
11.685912 8.544922 7.610164 8.544029 11.678509 
11.693318 8.541608 7.604397 8.540076 11.686062 
11.672624 8.533588 7.600895 8.563836 11.735555 
11.719591 8.568742 7.613496 8.509240 11.697900 
11.693860 8.536675 7.604854 8.538858 11.686552 
11.690251 8.542418 7.614564 8.529841 11.698538 
11.702125 8.530611 7.614287 8.542019 11.705661 
11.668331 8.561049 7.616611 8.535666 11.702049 
11.692055 8.559867 7.602351 8.513580 11.704511 
11.704450 8.530247 7.618888 8.547858 11.655961 
11.718262 8.545297 7.597361 8.535379 11.700420 
11.712237 8.559544 7.605614 8.533879 11.716757 
11.705540 8.515039 7.617458 8.552901 11.679224 
11.687528 8.541529 7.589132 8.537533 11.653093 
11.704324 8.522263 7.595996 8.554764 11.655167 
11.714762 8.507840 7.621213 8.553308 11.702754 
11.705745 8.556331 7.620850 8.538814 11.705388 
11.721897 8.560627 7.633212 8.531172 11.673339 
11.721370 8.529149 7.617450 8.550416 11.717960 
11.722331 8.538619 7.608062 8.525071 11.712950 
11.686935 8.574952 7.625808 8.529604 11.687318 
11.697427 8.551352 7.605876 8.533179 11.669555 
11.734714 8.542723 7.637469 8.531749 11.703199 
11.678582 8.553924 7.624529 8.561859 11.707094 
11.650670 8.560994 7.586701 8.532317 11.701917 
11.745917 8.574961 7.608285 8.567662 11.703147 
11.666967 8.552938 7.605786 8.543062 11.665215 
11.653083 8.579531 7.605508 8.542827 11.723754 
11.682849 8.525113 7.589226 8.518798 11.683742 
11.700730 8.547037 7.650114 8.552268 11.710541 
11.696952 8.542534 7.631171 8.555171 11.697987 
11.713093 8.535462 7.615159 8.550651 11.687890 
11.724160 8.541027 7.604055 8.561208 11.734939 
11.648561 8.540386 7.631882 8.523585 11.702168 
11.694901 8.540835 7.625732 8.542011 11.672844 
11.751262 8.529902 7.614849 8.525664 11.697116 
11.698288 8.531823 7.637877 8.553619 11.688124 
11.736241 8.524004 7.610333 8.531083 11.688771 
11.689026 8.572064 7.607869 8.568936 11.696894 
11.698175 8.529125 7.632263 8.536807 11.693661 
11.714434 8.540996 7.618125 8.523459 11.703807 
11.712079 8.555810 7.627482 8.539813 11.719206 
11.668129 8.563104 7.609177 8.535610 11.701809 
11.664724 8.527362 7.593383 8.544365 11.684435 
11.719304 8.554577 7.613781 8.539636 11.717977 
11.703411 8.547617 7.619336 8.543215 11.736230 
11.669419 8.554785 7.634499 8.561840 11.708611 
11.684207 8.589330 7.610837 8.537140 11.682913 
11.708071 8.530614 7.612902 8.559084 11.707406 
11.724547 8.566919 7.615239 8.575104 11.723800 
11.706529 8.550126 7.629117 8.554684 11.717781 
11.686733 8.548831 7.616057 8.555495 11.672031 
11.716970 8.556427 7.612095 8.537795 11.705310 
11.702939 8.545613 7.623456 8.521988 11.706743 
11.696627 8.526589 7.622815 8.554820 11.726272 
11.698861 8.559755 7.612319 8.536005 11.702671 
11.677156 8.546004 7.614322 8.569974 11.668378 
11.720292 8.564178 7.615613 8.546563 11.690638 
11.693145 8.558151 7.629761 8.568910 11.725982 
11.660621 8.546197 7.607102 8.546506 11.720817 
11.711905 8.561270 7.610534 8.569574 11.727829 
11.662863 8.560627 7.614498 8.541381 11.698418 
11.701421 8.560205 7.630161 8.552323 11.672866 
11.707452 8.521594 7.617831 8.547612 11.704878 
11.697380 8.548821 7.604208 8.541995 11.691739 
11.660778 8.560036 7.645385 8.533361 11.688755 
11.684830 8.508431 7.606132 8.561556 11.680064 
11.669377 8.517440 7.611773 8.555487 11.701246 
11.717151 8.542011 7.627566 8.567550 11.698603 
11.697074 8.566284 7.629921 8.550525 11.698652 
11.686877 8.562618 7.624511 8.512960 11.741995 
11.729415 8.564471 7.606096 8.551577 11.704872 
11.676839 8.582222 7.614127 8.563126 11.693400 
11.690576 8.525311 7.619038 8.572860 11.689793 
11.696420 8.562702 7.596925 8.539700 11.692131 
11.684977 8.557567 7.595625 8.561086 11.664537 
11.672285 8.538255 7.613633 8.562056 11.705263 
11.712888 8.532870 7.625816 8.551420 11.689894 
11.758218 8.541315 7.605875 8.549952 11.640050 
11.699857 8.575664 7.602740 8.549623 11.646680 
11.662992 8.544895 7.600745 8.509311 11.675890 
11.688944 8.538977 7.636945 8.569435 11.694297 
11.663916 8.550477 7.635243 8.541832 11.717150 
11.675861 8.547036 7.609481 8.547182 11.681845 
11.682944 8.556539 7.640143 8.539966 11.698611 
11.703964 8.553224 7.596469 8.532502 11.716557 
11.680690 8.541970 7.621795 8.522735 11.696262 
11.722340 8.557506 7.619303 8.552910 11.700064 
11.665806 8.550003 7.590349 8.540317 11.684384 
11.688041 8.548470 7.614596 8.553335 11.692900 
11.701685 8.564636 7.619117 8.552504 11.704742 
11.698632 8.534304 7.627360 8.558606 11.695996 
11.699857 8.544922 7.623110 8.550931 11.695545 
11.692573 8.553054 7.622945 8.534229 11.662687 
11.706324 8.570154 7.610690 8.549536 11.720725 
11.663080 8.579587 7.640095 8.560915 11.709531 
11.702938 8.559367 7.623912 8.561406 11.712829 
11.697402 8.559748 7.609785 8.567584 11.720294 
11.715234 8.539147 7.598118 8.558086 11.689762 
11.721711 8.555648 7.627253 8.537647 11.727466 
11.693899 8.526891 7.605888 8.559185 11.717835 
11.690526 8.561608 7.615154 8.542830 11.705775 
11.686013 8.568407 7.616585 8.538668 11.713762 
11.703472 8.540876 7.597921 8.563445 11.698012 
11.693891 8.546238 7.618453 8.535813 11.698018 
11.709254 8.547057 7.583415 8.533373 11.692232 
11.745903 8.548773 7.594759 8.546393 11.692108 
11.662420 8.533393 7.645311 8.543561 11.652546 
11.707625 8.544868 7.603030 8.542630 11.738852 
11.712417 8.547222 7.626957 8.556926 11.675927 
11.681460 8.548524 7.631961 8.567456 11.712815 
11.690309 8.563708 7.619430 8.567438 11.770349 
11.708098 8.548308 7.625745 8.569533 11.718150 
11.697065 8.551176 7.603032 8.561155 11.728991 
11.681217 8.550565 7.621792 8.543476 11.673307 
11.691782 8.543871 7.613301 8.529953 11.725965 
11.704813 8.565329 7.625343 8.534932 11.686438 
11.705318 8.535712 7.632268 8.539421 11.701733 
11.713919 8.563004 7.618954 8.547266 11.703064 
11.714870 8.560903 7.632333 8.541908 11.693540 
11.685057 8.551020 7.617247 8.549984 11.696862 
11.717799 8.546551 7.610191 8.542954 11.708924 
11.721242 8.542676 7.626726 8.560044 11.732198 
11.693533 8.552093 7.607920 8.528258 11.716611 
11.709730 8.559631 7.650745 8.559696 11.717344 
11.680304 8.564953 7.595876 8.529725 11.678825 
11.710086 8.548160 7.630204 8.560521 11.705580 
11.690692 8.542168 7.612747 8.554535 11.705118 
11.687399 8.547979 7.639160 8.530357 11.684968 
11.705077 8.533527 7.598113 8.566704 11.689373 
11.702853 8.550466 7.619405 8.557986 11.698339 
11.690306 8.545057 7.624959 8.529845 11.696073 
11.660718 8.552822 7.621428 8.529898 11.652862 
11.703900 8.533536 7.606454 8.540408 11.692932 
11.678495 8.521018 7.633496 8.544782 11.692580 
11.694732 8.529079 7.616590 8.568886 11.700933 
11.723575 8.532947 7.601309 8.536269 11.680470 
11.703118 8.541383 7.592664 8.566025 11.707949 
11.696041 8.546745 7.606649 8.581483 11.729240 
11.694771 8.561891 7.602788 8.545998 11.665962 
11.718743 8.565576 7.595698 8.544444 11.703958 
11.682731 8.549536 7.633203 8.561236 11.698285 
11.713029 8.543498 7.604087 8.558750 11.715018 
11.678785 8.568326 7.627884 8.586233 11.708099 
11.679314 8.516518 7.608328 8.544794 11.692281 
11.701970 8.566552 7.625638 8.568296 11.712821 
11.658444 8.533184 7.622390 8.535301 11.688382 
11.703892 8.542679 7.620870 8.582333 11.697873 
11.713253 8.558496 7.634734 8.545669 11.707073 
11.717117 8.545296 7.599013 8.563447 11.698278 
11.680642 8.552964 7.593384 8.550302 11.720299 
11.724699 8.560694 7.628631 8.532300 11.707182 
11.696968 8.537060 7.596129 8.544297 11.712748 
11.707491 8.559860 7.596816 8.547285 11.655231 
11.693452 8.540609 7.628714 8.542813 11.662630 
11.656106 8.583515 7.589922 8.552272 11.680873 
11.700462 8.542554 7.611224 8.548351 11.719969 
11.750953 8.530627 7.614649 8.535317 11.762224 
11.715221 8.552046 7.600591 8.547059 11.673689 
11.719465 8.566899 7.620828 8.563691 11.695921 
11.716223 8.555062 7.604634 8.565045 11.701750 
11.698307 8.541088 7.613576 8.520746 11.684717 
11.712691 8.538930 7.608493 8.563781 11.734828 
11.633510 8.520145 7.612489 8.552291 11.713565 
11.672815 8.542017 7.628515 8.548526 11.731351 
11.706304 8.557488 7.598863 8.544273 11.765193 
11.699188 8.560444 7.598407 8.576288 11.725699 
11.700198 8.550083 7.620560 8.526423 11.684718 
11.703194 8.556492 7.609027 8.549520 11.696117 
11.705592 8.547152 7.607565 8.559207 11.692778 
11.676326 8.538940 7.627181 8.557652 11.746479 
11.662722 8.495721 7.605729 8.559719 11.667159 
11.723125 8.529773 7.618333 8.573066 11.650690 
11.725013 8.547900 7.605673 8.541059 11.717557 
11.676326 8.531448 7.597366 8.560700 11.697471 
11.725603 8.533262 7.610707 8.538456 11.664272 
11.706997 8.557117 7.628149 8.561937 11.694529 
11.693214 8.546995 7.624294 8.556082 11.692800 
11.709784 8.529582 7.592829 8.555786 11.673408 
11.698706 8.537301 7.604822 8.541988 11.696420 
11.684277 8.567229 7.635090 8.540552 11.737056 
11.705049 8.550408 7.625832 8.558051 11.694622 
11.682006 8.557202 7.594164 8.543223 11.674747 
11.689329 8.547474 7.610961 8.539724 11.703843 
11.658992 8.540637 7.616160 8.520774 11.683015 
11.675440 8.561432 7.609672 8.555860 11.689171 
11.674499 8.547236 7.608150 8.541005 11.671007 
11.696310 8.549659 7.630850 8.564427 11.675820 
11.721210 8.554383 7.623924 8.539012 11.707639 
11.741256 8.546197 7.632854 8.553587 11.693882 
11.709028 8.569080 7.624860 8.536924 11.712399 
11.707198 8.545107 7.605018 8.556817 11.718415 
11.741578 8.564641 7.598882 8.548273 11.744033 
11.680211 8.557228 7.615581 8.567956 11.692286 
11.648850 8.551841 7.634578 8.554173 11.675131 
11.684544 8.591094 7.615914 8.544639 11.702750 
11.692387 8.544913 7.584660 8.566099 11.708758 
11.701344 8.549735 7.593150 8.545937 11.696280 
11.758232 8.542002 7.625817 8.517129 11.721072 
11.699020 8.575952 7.634557 8.567768 11.745969 
11.689092 8.539007 7.632472 8.555978 11.689838 
11.687315 8.531569 7.622730 8.521118 11.696394 
11.748208 8.563251 7.629863 8.565493 11.685952 
11.686281 8.562552 7.598775 8.546328 11.700308 
11.678418 8.561390 7.593718 8.551397 11.691582 
11.692047 8.542629 7.618782 8.527989 11.697048 
11.734527 8.520390 7.625648 8.547313 11.754370 
11.721746 8.539415 7.617174 8.541788 11.713378 
11.641831 8.554705 7.604148 8.561857 11.718014 
11.712176 8.514770 7.617857 8.519726 11.698882 
11.680643 8.558725 7.621431 8.553783 11.697168 
11.667439 8.545193 7.628413 8.559267 11.708215 
11.706342 8.515874 7.609122 8.551093 11.662227 
11.666693 8.533758 7.607535 8.504071 11.641628 
11.715286 8.562515 7.615244 8.537663 11.694215 
11.686441 8.550373 7.618622 8.537193 11.693566 
11.710813 8.554136 7.615278 8.560950 11.696082 
11.697106 8.552220 7.619180 8.545981 11.706926 
11.680548 8.535606 7.596326 8.530053 11.693112 
11.713072 8.527218 7.606698 8.540826 11.684757 
11.678492 8.524759 7.607925 8.529165 11.665797 
11.760413 8.566763 7.615227 8.547857 11.714986 
11.688455 8.523859 7.620080 8.547524 11.712501 
11.704164 8.578989 7.609730 8.537912 11.705136 
11.694083 8.570280 7.608212 8.565684 11.699766 
11.706071 8.532809 7.607107 8.527367 11.697912 
11.695502 8.569848 7.602304 8.575092 11.692535 
11.737218 8.517666 7.603637 8.553011 11.675915 
11.676610 8.559309 7.613401 8.535319 11.660165 
11.688509 8.537583 7.629045 8.543031 11.695089 
11.645548 8.570477 7.616122 8.550893 11.709280 
11.660459 8.550846 7.622525 8.574160 11.695130 
11.745370 8.561105 7.613239 8.525985 11.696384 
11.722326 8.554722 7.642667 8.570311 11.727128 
11.697030 8.554005 7.596469 8.543238 11.700342 
11.705757 8.518319 7.627523 8.522175 11.697786 
11.724246 8.539388 7.632673 8.549986 11.697159 
11.721824 8.522724 7.586596 8.516549 11.678873 
11.690785 8.561186 7.610294 8.576692 11.723532 
11.677667 8.533673 7.609335 8.571009 11.707263 
11.679859 8.538055 7.607549 8.546126 11.680496 
11.680244 8.524980 7.619760 8.559442 11.669205 
11.712266 8.547168 7.588187 8.542433 11.700355 
11.684430 8.555464 7.602958 8.548400 11.679813 
11.709420 8.574074 7.625845 8.555588 11.680986 
11.704466 8.539975 7.624183 8.544528 11.711856 
11.730179 8.557832 7.599234 8.569747 11.690316 
11.680780 8.543716 7.626063 8.530768 11.663537 
11.677364 8.538866 7.633619 8.546509 11.674548 
11.642582 8.572280 7.637932 8.539951 11.682555 
11.680613 8.565258 7.633550 8.536272 11.705884 
11.685653 8.571699 7.614449 8.548299 11.697695 
11.701791 8.562041 7.626124 8.541546 11.731654 
11.706490 8.570244 7.611983 8.547766 11.725650 
11.732798 8.532952 7.603894 8.543018 11.688226 
11.737149 8.522561 7.637691 8.535893 11.675733 
11.725313 8.561191 7.615481 8.551769 11.703915 
11.670087 8.520158 7.611258 8.546190 11.676789 
11.687659 8.570035 7.615083 8.572870 11.713353 
11.701689 8.559865 7.621367 8.560711 11.707017 
11.701031 8.546505 7.618777 8.541897 11.690880 
11.723675 8.544587 7.622320 8.549877 11.681034 
11.658998 8.566208 7.589368 8.511384 11.696318 
11.684836 8.579551 7.613726 8.567132 11.692717 
11.711493 8.556261 7.594268 8.547765 11.711131 
11.683039 8.540460 7.612143 8.544953 11.692019 
11.684044 8.562401 7.626056 8.563321 11.689163 
11.718283 8.533687 7.631119 8.548508 11.683251 
11.711960 8.536784 7.620063 8.558506 11.710398 
11.680153 8.544941 7.626229 8.503016 11.674161 
11.705905 8.567643 7.637390 8.552073 11.717848 
11.698359 8.535002 7.619725 8.577340 11.702511 
11.706974 8.529602 7.603928 8.543795 11.747906 
11.702615 8.517508 7.619783 8.538497 11.691100 
11.693066 8.552035 7.585798 8.537474 11.691801 
11.700508 8.539668 7.615355 8.562027 11.729809 
11.707847 8.546910 7.598309 8.553540 11.725615 
11.679380 8.557860 7.605137 8.539214 11.708222 
11.682290 8.543150 7.613090 8.540782 11.692772 
11.705868 8.544092 7.626132 8.528737 11.686070 
11.695193 8.563473 7.624171 8.539205 11.684668 
11.705070 8.550143 7.607578 8.531769 11.703621 
11.703399 8.548187 7.602470 8.561322 11.667997 
11.667457 8.549572 7.592544 8.535048 11.691717 
11.713904 8.547890 7.614294 8.563108 11.718818 
11.747105 8.552697 7.635438 8.585652 11.722939 
11.697634 8.569291 7.608590 8.518688 11.692382 
11.680657 8.541014 7.635937 8.553366 11.675401 
11.698088 8.536965 7.610792 8.549018 11.688658 
11.722044 8.530138 7.633575 8.538800 11.691684 
11.672438 8.523882 7.626017 8.536189 11.651101 
11.707055 8.551054 7.610689 8.522248 11.694681 
11.695722 8.548568 7.625775 8.523277 11.713662 
11.697177 8.563123 7.610587 8.532076 11.707043 
11.742575 8.578801 7.626103 8.591265 11.688596 
11.713083 8.542932 7.594137 8.538918 11.712584 
11.729581 8.544201 7.624639 8.533034 11.693870 
11.716694 8.528909 7.637590 8.550389 11.729142 
11.696039 8.566585 7.594605 8.550059 11.690396 
11.699248 8.542999 7.621002 8.547972 11.695781 
11.687292 8.505727 7.617141 8.562603 11.694824 
11.666718 8.545819 7.625046 8.543816 11.712717 
11.728121 8.532773 7.582303 8.542248 11.695698 
11.678619 8.523567 7.608236 8.552269 11.685960 
11.659490 8.560193 7.629971 8.572393 11.701306 
11.724389 8.518785 7.616493 8.570385 11.697979 
11.708753 8.567818 7.640843 8.576817 11.681050 
11.722835 8.543242 7.630094 8.572145 11.731010 
11.676688 8.534189 7.620310 8.529307 11.706099 
11.737161 8.546572 7.611820 8.558917 11.703839 
11.731550 8.552747 7.627354 8.522401 11.687387 
11.681995 8.559262 7.612983 8.530294 11.706652 
11.682028 8.536430 7.605911 8.555601 11.690527 
11.666348 8.513784 7.617672 8.549772 11.700476 
11.731724 8.552115 7.638292 8.559365 11.716616 
11.712426 8.546598 7.627460 8.537065 11.671103 
11.656821 8.527988 7.590816 8.536894 11.678731 
11.685939 8.561366 7.632000 8.581313 11.695606 
11.744090 8.557667 7.607354 8.519081 11.698580 
11.674897 8.557381 7.592051 8.538929 11.707929 
11.721449 8.549663 7.637061 8.553903 11.692597 
11.719463 8.556499 7.621981 8.546015 11.706460 
11.739083 8.558621 7.624557 8.550066 11.693672 
11.689103 8.550855 7.608517 8.533052 11.659841 
11.704442 8.558637 7.609289 8.533400 11.680062 
11.718969 8.553657 7.624980 8.573808 11.725922 
11.753878 8.563260 7.636578 8.541044 11.695942 
11.712743 8.554515 7.621774 8.553607 11.717636 
11.697345 8.560884 7.615927 8.546973 11.683773 
11.718667 8.557320 7.605185 8.538051 11.681336 
11.727411 8.529570 7.606166 8.532321 11.691266 
11.721828 8.567357 7.603653 8.566509 11.708334 
11.660587 8.563841 7.599682 8.539208 11.707293 
11.690894 8.509217 7.616216 8.538014 11.704387 
11.706465 8.537618 7.600745 8.523097 11.738649 
11.709465 8.504094 7.618941 8.515862 11.685468 
11.694115 8.556777 7.610121 8.544434 11.660703 
11.676503 8.570168 7.636071 8.543442 11.706480 
11.695265 8.542767 7.631419 8.548819 11.714657 
11.720524 8.581918 7.652172 8.569723 11.688551 
11.698459 8.554699 7.630256 8.538021 11.688442 
11.687448 8.535809 7.607605 8.541384 11.736003 
11.698142 8.558702 7.635703 8.561590 11.692140 
11.676861 8.540005 7.604183 8.544632 11.675960 
11.696811 8.538310 7.608501 8.550585 11.704390 
11.725089 8.527551 7.604310 8.508908 11.699929 
11.704562 8.579801 7.608564 8.534287 11.702904 
11.673961 8.521162 7.608447 8.567999 11.701765 
11.655939 8.551170 7.593582 8.540144 11.690750 
11.700988 8.521394 7.617318 8.533745 11.702372 
11.665007 8.575678 7.583701 8.562804 11.724165 
11.704859 8.554640 7.616248 8.560582 11.719220 
11.716472 8.544100 7.616477 8.524109 11.701673 
11.715106 8.566726 7.627049 8.548525 11.696822 
11.697414 8.521596 7.599347 8.555386 11.709999 
11.707933 8.560853 7.623425 8.584939 11.703337 
11.679113 8.532144 7.630048 8.511436 11.701110 
11.688844 8.546609 7.630223 8.570587 11.693045 
11.674990 8.514819 7.595271 8.529683 11.671683 
11.754087 8.543407 7.640464 8.585058 11.716926 
11.711137 8.564920 7.607593 8.553352 11.675588 
11.680521 8.549612 7.588143 8.515828 11.709416 
11.688284 8.551982 7.603745 8.549732 11.717260 
11.706741 8.529694 7.611705 8.538328 11.709171 
11.697390 8.532032 7.633967 8.550491 11.715132 
11.709616 8.593280 7.635028 8.561178 11.707191 
11.670343 8.517963 7.604293 8.506006 11.648261 
11.716024 8.519399 7.631116 8.545217 11.713049 
11.677104 8.568943 7.602267 8.549078 11.675070 
11.734660 8.544538 7.611737 8.518029 11.726951 
11.716957 8.531077 7.611183 8.552631 11.656915 
11.709233 8.522890 7.615960 8.532427 11.724540 
11.678944 8.556925 7.606813 8.534166 11.672657 
11.716996 8.543143 7.615876 8.552472 11.692913 
11.680883 8.574318 7.615273 8.519305 11.680973 
11.701705 8.556164 7.593443 8.527421 11.699399 
11.690863 8.550934 7.617949 8.558407 11.680225 
11.726037 8.566174 7.602785 8.534234 11.697311 
11.663033 8.562995 7.594630 8.518150 11.712818 
11.661028 8.556962 7.608701 8.531625 11.680763 
11.681665 8.547184 7.622964 8.545921 11.716773 
11.733517 8.548680 7.616718 8.538381 11.688677 
11.690894 8.551448 7.649546 8.552040 11.742711 
11.668939 8.526821 7.625608 8.566684 11.689277 
11.673607 8.533851 7.620068 8.552257 11.708068 
11.714188 8.572738 7.606808 8.522962 11.721804 
11.679249 8.553178 7.615115 8.549450 11.664583 
11.707498 8.532368 7.632141 8.558919 11.710351 
11.718313 8.547650 7.625461 8.524915 11.674625 
11.679086 8.569596 7.595289 8.537115 11.678702 
11.695521 8.554137 7.630226 8.523025 11.673600 
11.690051 8.551870 7.634852 8.545880 11.718351 
11.666555 8.534343 7.611993 8.528616 11.688770 
